# ==============================================================================
# TaskOrchestrator 多线程并发测试 - 处理后最终有序合并结果
# 执行时间: 2026-09-20 13:06:39
# 格式规范: 每个线程对应一行完整的全局升序排列结果
# ==============================================================================

### [Thread-0] Status: SUCCESS | Merged Elements: 1481 | Cost: 0.005394s
1 1 1 1 1 1 2 2 2 2 2 3 3 3 3 3 3 3 4 4 4 4 4 4 5 5 5 5 5 5 5 6 6 6 6 6 6 6 6 6 6 7 7 7 7 7 7 7 7 7 8 8 8 8 8 8 8 8 8 8 8 8 8 9 9 9 9 9 9 9 9 9 9 9 9 9 9 9 9 9 9 10 10 10 10 10 10 10 11 11 11 11 11 11 11 11 12 12 12 12 12 12 12 12 12 12 13 13 13 13 13 13 13 13 13 13 13 13 13 14 14 14 14 14 14 14 14 15 15 15 15 15 15 15 15 16 16 16 16 16 16 16 16 17 17 17 17 17 17 17 17 17 17 17 17 17 17 17 18 18 18 18 18 18 18 18 18 18 18 18 18 19 19 19 19 19 19 19 19 19 19 19 20 20 20 20 20 20 20 20 20 20 20 20 20 21 21 21 21 21 21 22 22 22 22 22 22 22 22 22 22 22 22 22 22 22 22 23 23 23 23 23 23 23 23 23 23 24 24 24 24 24 25 25 25 25 25 25 25 25 25 26 26 26 26 26 26 26 26 26 26 26 26 26 26 26 27 27 27 27 27 27 27 27 27 27 28 28 28 28 28 28 28 29 29 29 29 29 29 29 29 30 30 30 30 30 30 30 30 30 30 30 31 31 31 31 31 31 31 31 31 31 32 32 32 32 32 32 32 32 32 32 33 33 33 33 34 34 34 34 34 34 34 34 34 35 35 35 35 35 35 35 35 35 36 36 36 36 36 36 36 36 36 36 36 36 37 37 37 37 37 37 37 37 37 37 38 38 38 38 38 38 38 38 38 38 38 39 39 39 39 39 39 39 39 39 40 40 40 40 40 40 40 40 40 41 41 41 41 41 41 41 41 41 41 42 42 42 42 42 42 42 43 43 43 43 43 43 43 43 43 43 43 43 43 43 44 44 44 44 44 44 44 45 45 45 45 45 45 45 45 45 45 45 45 45 46 46 46 46 46 46 46 46 46 46 46 47 47 47 47 48 48 48 48 48 48 48 48 48 48 48 49 49 49 49 49 49 49 49 50 50 50 50 50 50 50 50 50 50 50 50 50 50 51 51 51 51 51 51 51 51 51 52 52 52 52 52 52 52 52 52 53 53 53 53 53 53 54 54 54 54 54 54 54 54 54 54 55 55 55 55 55 55 55 55 55 55 55 56 56 56 56 56 56 57 57 57 57 57 57 57 57 57 57 58 58 58 58 58 58 58 58 58 58 58 58 59 59 59 59 59 59 59 60 60 60 60 60 60 60 60 60 61 61 61 61 61 61 61 61 61 61 61 62 62 62 62 62 62 62 62 62 62 63 63 63 63 63 63 63 63 63 63 63 63 64 64 64 64 64 64 64 65 65 65 66 66 66 66 66 66 66 66 66 67 67 67 67 67 67 68 68 68 68 68 68 68 68 69 69 69 69 69 69 69 70 70 70 70 70 70 70 70 70 70 70 70 70 70 71 71 71 71 71 71 71 71 71 71 71 71 72 72 72 72 72 72 72 72 72 73 73 73 73 73 74 74 74 74 74 74 74 74 74 74 74 75 75 75 75 76 76 76 76 76 76 77 77 77 77 77 77 77 77 77 77 77 77 78 78 78 78 78 79 79 79 79 79 79 79 79 79 79 80 80 80 80 80 80 80 80 81 81 81 81 81 81 81 82 82 82 82 82 82 82 82 82 83 83 83 83 83 83 83 83 83 83 84 84 84 84 84 84 84 84 85 85 85 85 85 85 85 85 85 85 86 86 86 86 86 86 86 87 87 87 87 87 87 87 87 87 88 88 88 88 88 88 88 88 88 88 89 89 89 89 89 89 89 89 89 89 90 90 90 90 90 90 90 90 90 90 90 90 90 90 91 91 91 91 92 92 92 92 92 92 92 93 93 93 93 93 93 93 93 94 94 94 94 94 94 94 95 95 95 95 95 96 96 96 96 96 96 97 97 97 97 97 97 97 97 97 97 97 98 98 98 98 98 98 98 98 99 99 99 99 99 99 100 100 100 100 100 101 101 101 101 101 101 101 101 101 101 101 101 102 102 102 102 102 102 102 103 103 103 103 103 103 103 104 104 104 104 104 104 104 104 105 105 105 105 105 105 106 106 106 106 107 107 107 107 108 108 108 108 108 108 109 109 109 109 109 110 110 110 110 110 110 110 110 110 110 110 111 111 111 111 111 111 111 112 112 112 112 112 112 113 113 113 113 113 113 113 113 113 113 113 113 114 114 114 114 114 114 114 114 114 115 115 115 115 115 115 115 116 116 116 116 116 117 117 117 117 117 117 117 117 117 118 118 118 118 118 119 119 119 119 119 119 119 119 119 119 120 120 120 120 120 120 120 120 120 120 121 121 121 121 121 121 122 122 123 123 123 123 123 123 123 123 124 124 124 124 124 124 124 124 124 124 125 125 125 125 125 125 126 126 126 126 126 126 126 126 127 127 127 127 127 127 127 127 127 127 127 128 128 128 128 128 129 129 129 129 129 129 129 129 129 129 130 130 130 130 130 131 131 131 131 131 131 131 131 131 132 132 132 133 133 134 134 134 134 134 134 134 134 134 134 134 135 135 135 135 135 135 135 136 136 136 136 136 136 136 137 137 137 137 137 138 138 138 138 138 139 139 139 139 140 140 140 140 140 141 141 141 141 141 141 141 142 142 142 142 143 143 143 143 143 143 143 143 143 144 144 144 144 144 144 144 145 145 145 145 145 145 145 145 146 146 146 147 147 147 148 148 148 148 148 148 149 149 149 149 149 149 149 149 149 150 150 150 150 150 150 150 150 150 150 151 151 151 152 152 152 152 152 152 152 153 154 154 154 154 154 154 155 156 156 156 157 157 157 157 157 157 157 158 158 158 158 158 158 158 159 159 159 160 160 160 160 160 160 160 160 161 162 162 162 162 162 162 163 163 164 164 165 165 165 165 165 166 166 166 166 166 167 167 167 167 167 167 167 168 168 168 169 169 170 170 170 170 170 170 170 171 171 171 171 171 171 171 171 172 172 172 172 172 172 172 172 173 173 173 173 173 174 174 175 176 176 176 176 176 178 178 178 180 180 180 180 180 180 180 180 181 181 181 181 181 181 183 184 184 185 185 186 186 186 186 187 187 187 187 187 187 187 188 190 190 191 192 192 194 194 194 194 194 194 194 194 195 195 195 196 196 197 198 198 198 199 199 200 201 201 202 203 203 204 204 205 205 206 207 207 208 208 211 212 213 214 214 215 216 216 218 219 220 220 222 222 223 224 225 225 225 225 226 227 227 229 230 230 233 234 236 238 239 240 241 244 247 248 248 249 252 253 255 258 260 264 270

### [Thread-1] Status: SUCCESS | Merged Elements: 1642 | Cost: 0.006776s
1 1 1 1 1 1 1 1 1 1 1 1 1 1 2 2 2 2 2 2 2 2 2 2 2 2 2 2 2 3 3 3 3 3 3 3 3 3 3 3 3 3 3 3 3 3 3 3 3 4 4 4 4 4 4 4 4 4 4 4 4 4 4 4 4 4 4 4 4 4 4 4 4 4 4 5 5 5 5 5 5 5 5 5 5 5 5 5 5 5 5 5 5 6 6 6 6 6 6 6 6 6 6 6 6 6 6 6 6 6 6 6 6 6 6 6 6 6 6 6 6 7 7 7 7 7 7 7 7 7 7 7 7 7 7 7 7 7 7 7 7 7 7 7 7 7 7 7 7 7 7 7 8 8 8 8 8 8 8 8 8 8 8 8 8 8 8 8 8 9 9 9 9 9 9 9 9 9 9 9 9 9 9 9 9 9 9 9 10 10 10 10 10 10 10 10 10 10 10 10 10 10 10 10 10 10 10 10 10 10 10 10 10 10 10 10 10 10 10 10 10 10 11 11 11 11 11 11 11 11 11 11 11 11 11 11 11 11 11 11 11 11 11 11 11 11 12 12 12 12 12 12 12 12 12 12 12 12 12 12 12 12 12 13 13 13 13 13 13 13 13 13 13 13 13 13 13 13 13 13 13 13 13 13 13 13 13 13 13 13 13 13 13 13 13 13 14 14 14 14 14 14 14 14 14 14 14 14 14 14 14 14 14 14 15 15 15 15 15 15 15 15 15 15 15 15 15 15 15 15 15 15 15 15 15 15 15 16 16 16 16 16 16 16 16 16 16 16 16 16 16 16 16 16 16 16 16 16 16 16 16 16 16 16 16 17 17 17 17 17 17 17 17 17 17 17 17 17 17 17 17 17 17 17 17 17 17 17 17 18 18 18 18 18 18 18 18 18 18 18 18 18 18 18 18 18 18 18 18 18 18 18 18 18 18 19 19 19 19 19 19 19 19 19 19 19 19 19 19 19 19 19 19 19 19 20 20 20 20 20 20 20 20 20 20 20 20 20 20 20 20 20 20 21 21 21 21 21 21 21 21 21 21 21 21 21 21 21 21 21 21 21 21 21 21 21 21 21 21 21 21 21 21 21 21 21 21 22 22 22 22 22 22 22 22 22 22 22 22 22 22 22 22 22 22 22 22 22 22 22 23 23 23 23 23 23 23 23 23 23 23 23 23 23 23 23 23 23 23 23 23 23 23 24 24 24 24 24 24 24 24 24 24 24 24 24 24 24 24 24 25 25 25 25 25 25 25 25 25 25 25 25 25 25 25 25 25 25 25 25 26 26 26 26 26 26 26 26 26 26 26 26 26 26 26 26 26 26 26 26 26 26 26 26 26 26 26 27 27 27 27 27 27 27 27 27 27 27 27 27 27 27 27 27 27 27 27 27 27 27 27 28 28 28 28 28 28 28 28 28 28 28 28 28 28 28 28 28 28 28 28 28 28 28 28 29 29 29 29 29 29 29 29 29 29 29 29 29 29 29 29 29 29 29 29 30 30 30 30 30 30 30 30 30 30 30 30 30 30 30 30 30 30 30 30 30 30 31 31 31 31 31 31 31 31 31 31 31 31 31 31 31 31 31 31 31 31 31 31 32 32 32 32 32 32 32 32 32 32 32 32 32 32 32 32 32 32 32 33 33 33 33 33 33 33 33 33 33 33 33 33 33 33 33 33 33 33 33 33 33 33 34 34 34 34 34 34 34 34 34 34 34 34 34 34 34 34 34 34 34 34 34 34 34 34 34 35 35 35 35 35 35 35 35 35 35 35 35 35 35 35 35 35 35 36 36 36 36 36 36 36 36 36 36 36 36 36 36 36 36 36 36 36 36 36 36 36 36 36 37 37 37 37 37 37 37 37 37 37 37 37 37 37 37 37 37 37 37 37 38 38 38 38 38 38 38 38 38 38 38 38 38 38 38 38 38 38 38 39 39 39 39 39 39 39 39 39 39 39 39 39 39 39 39 39 39 39 39 39 39 39 39 39 40 40 40 40 40 40 40 40 40 40 40 40 40 40 40 40 40 41 41 41 41 41 41 41 41 41 41 41 41 41 41 41 41 41 41 42 42 42 42 42 42 42 42 42 42 42 42 42 42 42 42 43 43 43 43 43 43 43 43 43 43 43 43 43 43 43 43 43 43 43 43 43 44 44 44 44 44 44 44 44 44 44 44 44 44 44 44 44 44 44 44 44 44 44 44 44 44 44 44 44 45 45 45 45 45 45 45 45 45 45 45 45 45 45 45 45 45 45 46 46 46 46 46 46 46 46 46 46 46 46 46 46 46 46 46 46 46 46 47 47 47 47 47 47 47 47 47 47 47 47 47 47 47 47 47 47 48 48 48 48 48 48 48 48 48 48 48 48 48 48 48 48 49 49 49 49 49 49 49 49 49 49 49 49 49 50 50 50 50 50 50 50 50 50 50 50 50 50 50 50 50 51 51 51 51 51 51 51 51 51 51 51 51 51 51 51 51 51 51 51 52 52 52 52 52 52 52 52 52 52 52 53 53 53 53 53 53 53 53 53 53 53 53 53 53 53 53 53 53 54 54 54 54 54 54 54 54 54 54 54 54 54 54 54 54 54 54 54 54 54 55 55 55 55 55 55 55 55 55 55 55 55 55 55 55 56 56 56 56 56 56 56 56 56 56 56 56 57 57 57 57 57 57 57 57 57 57 57 57 57 57 57 57 57 57 57 57 57 57 58 58 58 58 58 58 58 58 58 58 58 58 58 58 59 59 59 59 59 59 59 59 59 59 59 59 59 59 59 60 60 60 60 60 60 60 60 60 60 60 60 60 60 60 61 61 61 61 61 61 61 61 61 61 61 61 62 62 62 62 62 62 62 62 62 62 62 62 62 63 63 63 63 63 63 63 63 63 63 63 63 63 64 64 64 64 64 64 64 64 64 64 64 64 64 64 65 65 65 65 65 65 65 65 65 65 65 65 66 66 66 66 66 66 66 66 66 67 67 67 67 67 67 67 67 67 67 67 67 68 68 68 68 68 68 68 68 68 68 68 68 68 68 68 69 69 69 69 69 69 69 69 69 69 70 70 70 70 70 70 70 70 70 70 71 71 71 71 71 72 72 72 72 72 72 72 72 72 72 72 72 72 72 73 73 73 73 73 73 73 73 73 73 74 74 74 74 74 74 74 74 74 75 75 75 75 75 75 75 75 75 75 75 75 75 76 76 76 76 76 76 76 76 77 77 77 77 77 77 77 78 78 78 78 78 78 78 79 79 79 79 79 79 79 79 80 80 80 80 80 81 81 81 81 81 81 81 81 81 81 81 82 82 82 82 82 82 82 82 82 82 83 83 83 83 83 83 83 84 84 84 84 84 84 84 85 85 85 85 85 85 85 85 86 86 86 86 86 86 86 87 87 87 87 87 88 88 88 88 88 88 88 89 89 89 89 89 89 90 90 90 90 91 91 91 91 91 92 92 92 92 92 92 93 93 93 93 93 93 94 94 94 94 94 94 95 95 95 95 95 95 96 96 96 96 96 96 96 96 96 97 97 97 97 97 97 97 98 98 98 98 98 99 99 100 100 100 101 101 101 101 101 102 102 102 103 103 103 103 103 104 104 104 104 104 105 105 105 106 107 107 108 108 108 109 109 109 110 110 110 110 111 111 111 111 111 111 113 114 114 115 115 116 117 117 118 120 120 121 121 121 121 122 125 127 128 128 130 132 135

### [Thread-2] Status: SUCCESS | Merged Elements: 1806 | Cost: 0.005897s
-4987 -4975 -4972 -4958 -4946 -4941 -4938 -4927 -4926 -4924 -4918 -4916 -4908 -4906 -4902 -4901 -4892 -4891 -4889 -4884 -4882 -4877 -4870 -4865 -4865 -4860 -4859 -4856 -4856 -4854 -4851 -4849 -4849 -4847 -4847 -4842 -4842 -4841 -4840 -4839 -4839 -4829 -4829 -4828 -4828 -4825 -4824 -4823 -4822 -4820 -4819 -4819 -4817 -4817 -4816 -4815 -4811 -4811 -4810 -4809 -4807 -4807 -4806 -4803 -4801 -4799 -4799 -4798 -4796 -4796 -4792 -4792 -4790 -4790 -4786 -4786 -4784 -4783 -4782 -4780 -4779 -4773 -4772 -4771 -4770 -4768 -4768 -4765 -4764 -4759 -4757 -4756 -4753 -4751 -4747 -4747 -4743 -4741 -4738 -4737 -4736 -4735 -4735 -4734 -4734 -4734 -4732 -4732 -4730 -4727 -4726 -4721 -4720 -4719 -4717 -4715 -4710 -4710 -4710 -4709 -4707 -4699 -4699 -4698 -4697 -4697 -4694 -4688 -4687 -4680 -4676 -4675 -4674 -4670 -4669 -4662 -4662 -4659 -4657 -4657 -4656 -4653 -4649 -4647 -4647 -4644 -4643 -4638 -4634 -4633 -4625 -4621 -4611 -4610 -4609 -4601 -4600 -4595 -4591 -4585 -4584 -4584 -4581 -4579 -4573 -4570 -4570 -4569 -4567 -4564 -4556 -4553 -4552 -4545 -4544 -4539 -4531 -4530 -4525 -4524 -4520 -4515 -4513 -4507 -4501 -4498 -4496 -4493 -4492 -4485 -4483 -4479 -4476 -4471 -4467 -4466 -4465 -4461 -4461 -4459 -4447 -4446 -4442 -4440 -4438 -4436 -4429 -4426 -4421 -4420 -4415 -4415 -4414 -4414 -4411 -4410 -4405 -4405 -4400 -4396 -4393 -4391 -4391 -4390 -4388 -4386 -4384 -4383 -4383 -4382 -4380 -4378 -4376 -4375 -4371 -4371 -4369 -4367 -4365 -4363 -4361 -4360 -4359 -4358 -4354 -4353 -4345 -4345 -4345 -4342 -4337 -4335 -4334 -4333 -4333 -4331 -4329 -4328 -4325 -4321 -4318 -4318 -4315 -4310 -4307 -4303 -4301 -4297 -4292 -4290 -4284 -4279 -4276 -4276 -4275 -4273 -4271 -4269 -4268 -4265 -4265 -4256 -4251 -4246 -4242 -4242 -4238 -4238 -4234 -4233 -4231 -4222 -4222 -4220 -4219 -4216 -4213 -4208 -4202 -4202 -4200 -4199 -4199 -4198 -4194 -4194 -4192 -4191 -4190 -4189 -4189 -4187 -4184 -4183 -4179 -4178 -4178 -4176 -4173 -4171 -4170 -4168 -4167 -4164 -4163 -4162 -4161 -4159 -4157 -4156 -4156 -4155 -4152 -4151 -4146 -4146 -4143 -4143 -4142 -4142 -4141 -4138 -4137 -4134 -4133 -4129 -4127 -4127 -4127 -4126 -4125 -4125 -4124 -4123 -4121 -4119 -4119 -4118 -4118 -4118 -4116 -4113 -4111 -4107 -4107 -4106 -4105 -4104 -4103 -4099 -4097 -4095 -4095 -4094 -4092 -4091 -4087 -4086 -4086 -4086 -4083 -4083 -4083 -4080 -4077 -4076 -4075 -4074 -4073 -4073 -4072 -4069 -4068 -4068 -4067 -4065 -4061 -4061 -4060 -4058 -4057 -4055 -4055 -4052 -4051 -4050 -4047 -4045 -4044 -4041 -4039 -4038 -4036 -4032 -4031 -4031 -4028 -4026 -4024 -4023 -4020 -4019 -4018 -4016 -4014 -4013 -4009 -4006 -4005 -4004 -4004 -4001 -4001 -4001 -3997 -3993 -3989 -3988 -3983 -3978 -3977 -3975 -3972 -3971 -3971 -3970 -3968 -3968 -3961 -3961 -3960 -3959 -3958 -3957 -3947 -3945 -3943 -3934 -3934 -3933 -3930 -3925 -3922 -3921 -3919 -3917 -3913 -3912 -3910 -3907 -3907 -3905 -3901 -3899 -3895 -3895 -3893 -3893 -3891 -3884 -3882 -3874 -3871 -3868 -3866 -3865 -3862 -3853 -3852 -3841 -3840 -3839 -3839 -3836 -3835 -3833 -3832 -3830 -3830 -3830 -3824 -3823 -3823 -3820 -3820 -3817 -3816 -3814 -3811 -3809 -3807 -3805 -3804 -3802 -3798 -3797 -3793 -3793 -3787 -3786 -3782 -3782 -3780 -3780 -3776 -3773 -3773 -3771 -3769 -3768 -3767 -3766 -3764 -3762 -3762 -3760 -3759 -3758 -3756 -3756 -3752 -3751 -3750 -3749 -3749 -3747 -3742 -3742 -3742 -3741 -3740 -3738 -3737 -3737 -3736 -3732 -3731 -3731 -3728 -3727 -3727 -3718 -3717 -3716 -3713 -3709 -3706 -3702 -3699 -3698 -3695 -3688 -3686 -3686 -3682 -3681 -3680 -3680 -3675 -3675 -3668 -3667 -3661 -3660 -3656 -3652 -3645 -3644 -3640 -3637 -3637 -3626 -3624 -3619 -3616 -3606 -3596 -3589 -3580 -3574 -3572 -3569 -3557 -3547 -3544 -3540 -3534 -3533 -3531 -3529 -3528 -3519 -3506 -3500 -3499 -3488 -3486 -3483 -3479 -3474 -3470 -3463 -3461 -3457 -3456 -3449 -3443 -3442 -3440 -3439 -3439 -3435 -3433 -3429 -3428 -3427 -3427 -3426 -3421 -3417 -3416 -3416 -3411 -3408 -3406 -3405 -3402 -3396 -3395 -3395 -3390 -3381 -3381 -3378 -3374 -3372 -3369 -3366 -3363 -3363 -3362 -3358 -3353 -3348 -3339 -3150 -3145 -3137 -3127 -3123 -3117 -3116 -3108 -3104 -3098 -3097 -3093 -3088 -3084 -3079 -3078 -3068 -3067 -3062 -3061 -3056 -3055 -3053 -3047 -3045 -3044 -3042 -3042 -3042 -3041 -3032 -3030 -3028 -3028 -3027 -3023 -3022 -3022 -3018 -3016 -3012 -3012 -3010 -3006 -3003 -3001 -3001 -2997 -2995 -2995 -2994 -2993 -2987 -2985 -2983 -2982 -2981 -2981 -2980 -2980 -2980 -2975 -2973 -2973 -2970 -2970 -2966 -2965 -2964 -2963 -2963 -2961 -2960 -2958 -2956 -2956 -2953 -2949 -2948 -2945 -2945 -2941 -2939 -2939 -2936 -2934 -2932 -2931 -2931 -2927 -2926 -2923 -2923 -2921 -2921 -2920 -2918 -2917 -2914 -2914 -2910 -2910 -2907 -2906 -2906 -2901 -2900 -2900 -2900 -2896 -2896 -2895 -2894 -2893 -2893 -2892 -2888 -2887 -2882 -2882 -2879 -2875 -2872 -2870 -2868 -2867 -2864 -2864 -2861 -2861 -2854 -2852 -2851 -2849 -2843 -2841 -2839 -2839 -2837 -2837 -2827 -2826 -2825 -2821 -2817 -2816 -2814 -2804 -2804 -2804 -2803 -2803 -2800 -2798 -2796 -2795 -2791 -2789 -2782 -2782 -2780 -2775 -2774 -2772 -2770 -2770 -2768 -2760 -2755 -2751 -2747 -2738 -2733 -2721 -2711 -2699 -2698 -2691 -2690 -2683 -2682 -2677 -2666 -2657 -2620 -2618 -2607 -2605 -2596 -2582 -2570 -2562 -2557 -2556 -2552 -2548 -2538 -2531 -2518 -2506 -2504 -2499 -2497 -2494 -2491 -2489 -2487 -2486 -2485 -2483 -2481 -2478 -2476 -2470 -2467 -2458 -2455 -2446 -2445 -2438 -2434 -2430 -2420 -2417 -2416 -2410 -2407 -2407 -2406 -2404 -2400 -2397 -2394 -2391 -2389 -2385 -2384 -2383 -2378 -2374 -2371 -2370 -2368 -2363 -2363 -2362 -2355 -2353 -2351 -2350 -2345 -2342 -2338 -2334 -2331 -2331 -2329 -2326 -2322 -2319 -2318 -2317 -2315 -2312 -2307 -2306 -2302 -2301 -2299 -2293 -2293 -2290 -2286 -2286 -2285 -2281 -2276 -2276 -2275 -2273 -2270 -2267 -2264 -2262 -2261 -2257 -2255 -2252 -2252 -2251 -2247 -2245 -2244 -2242 -2238 -2237 -2235 -2234 -2233 -2231 -2231 -2230 -2228 -2227 -2224 -2223 -2221 -2220 -2220 -2216 -2216 -2216 -2211 -2211 -2210 -2209 -2208 -2204 -2202 -2202 -2200 -2199 -2198 -2197 -2195 -2194 -2194 -2189 -2189 -2189 -2188 -2186 -2185 -2183 -2181 -2180 -2180 -2179 -2178 -2178 -2177 -2176 -2175 -2175 -2174 -2171 -2171 -2170 -2167 -2167 -2166 -2165 -2164 -2164 -2164 -2163 -2160 -2156 -2152 -2152 -2152 -2151 -2149 -2146 -2146 -2145 -2145 -2145 -2144 -2140 -2139 -2139 -2137 -2136 -2133 -2133 -2132 -2132 -2131 -2131 -2130 -2129 -2126 -2126 -2126 -2124 -2123 -2121 -2120 -2119 -2119 -2118 -2118 -2118 -2117 -2114 -2113 -2110 -2110 -2109 -2108 -2107 -2106 -2101 -2101 -2100 -2098 -2098 -2098 -2097 -2097 -2096 -2096 -2096 -2094 -2094 -2093 -2092 -2091 -2090 -2089 -2089 -2089 -2088 -2087 -2086 -2085 -2080 -2079 -2079 -2079 -2076 -2076 -2073 -2073 -2073 -2070 -2069 -2067 -2066 -2066 -2065 -2061 -2060 -2059 -2059 -2058 -2058 -2057 -2056 -2054 -2051 -2051 -2051 -2051 -2050 -2047 -2045 -2045 -2041 -2040 -2036 -2036 -2033 -2032 -2032 -2031 -2028 -2027 -2027 -2024 -2022 -2020 -2019 -2018 -2015 -2014 -2012 -2011 -2010 -2009 -2009 -2008 -2001 -2000 -1999 -1998 -1998 -1991 -1990 -1988 -1988 -1987 -1985 -1985 -1979 -1976 -1975 -1974 -1972 -1967 -1966 -1965 -1963 -1961 -1956 -1951 -1948 -1945 -1943 -1939 -1939 -1935 -1929 -1926 -1923 -1922 -1918 -1918 -1910 -1909 -1905 -1903 -1902 -1900 -1897 -1895 -1894 -1893 -1893 -1892 -1891 -1882 -1880 -1879 -1878 -1878 -1876 -1876 -1875 -1869 -1861 -1860 -1859 -1859 -1856 -1854 -1853 -1848 -1846 -1845 -1844 -1841 -1836 -1835 -1830 -1828 -1826 -1825 -1823 -1822 -1821 -1821 -1819 -1818 -1815 -1812 -1810 -1804 -1803 -1800 -1798 -1795 -1792 -1790 -1790 -1784 -1784 -1781 -1777 -1772 -1767 -1766 -1764 -1763 -1763 -1759 -1758 -1758 -1757 -1757 -1756 -1753 -1752 -1751 -1751 -1751 -1747 -1746 -1745 -1745 -1741 -1741 -1740 -1739 -1738 -1737 -1733 -1732 -1731 -1729 -1728 -1727 -1726 -1724 -1720 -1719 -1718 -1718 -1714 -1710 -1708 -1704 -1704 -1696 -1696 -1693 -1691 -1690 -1689 -1687 -1683 -1682 -1682 -1682 -1680 -1680 -1678 -1674 -1672 -1671 -1669 -1666 -1665 -1662 -1662 -1661 -1660 -1652 -1652 -1652 -1651 -1644 -1643 -1642 -1640 -1638 -1636 -1632 -1632 -1629 -1628 -1626 -1623 -1620 -1619 -1619 -1616 -1614 -1611 -1608 -1607 -1606 -1604 -1604 -1597 -1595 -1593 -1593 -1592 -1590 -1589 -1588 -1587 -1583 -1581 -1579 -1579 -1578 -1572 -1568 -1565 -1564 -1563 -1557 -1557 -1556 -1555 -1554 -1549 -1547 -1546 -1543 -1539 -1535 -1535 -1526 -1524 -1522 -1518 -1517 -1517 -1517 -1511 -1511 -1510 -1508 -1507 -1506 -1505 -1503 -1501 -1499 -1498 -1496 -1495 -1493 -1492 -1492 -1491 -1485 -1484 -1484 -1483 -1482 -1481 -1473 -1472 -1470 -1468 -1467 -1465 -1464 -1464 -1463 -1460 -1457 -1454 -1453 -1452 -1451 -1443 -1443 -1441 -1438 -1437 -1435 -1435 -1433 -1433 -1428 -1425 -1423 -1419 -1418 -1410 -1409 -1406 -1405 -1404 -1401 -1397 -1393 -1391 -1389 -1388 -1385 -1384 -1382 -1374 -1373 -1372 -1369 -1369 -1368 -1367 -1366 -1364 -1363 -1359 -1358 -1352 -1350 -1350 -1349 -1341 -1341 -1339 -1339 -1333 -1327 -1327 -1321 -1318 -1314 -1305 -1301 -1291 -1291 -1287 -1283 -1281 -1277 -1272 -1270 -1267 -1259 -1258 -1245 -1244 -1239 -1237 -1231 -1231 -1227 -1225 -1224 -1224 -1220 -1219 -1218 -1216 -1209 -1202 -1199 -1198 -1187 -1187 -1181 -1178 -1173 -1172 -1162 -1162 -1154 -1151 -1148 -1145 -1140 -1135 -1129 -1127 -1119 -1117 -1115 -1108 -1108 -1106 -1097 -1094 -1094 -1091 -1087 -1085 -1077 -1077 -1074 -1073 -1072 -1069 -1062 -1059 -1055 -1054 -1051 -1049 -1047 -1042 -1038 -1038 -1038 -1034 -1034 -1026 -1024 -1023 -1016 -1011 -1010 -1001 -997 -996 -986 -983 -980 -979 -970 -968 -961 -957 -957 -949 -945 -940 -939 -935 -933 -930 -929 -921 -917 -914 -907 -907 -896 -894 -892 -884 -881 -872 -871 -865 -861 -858 -846 -835 -823 -810 -804 -800 -793 -792 -788 -775 -763 -756 -753 -739 -733 -728 -716 -708 -698 -553 -543 -533 -530 -523 -509 -497 -496 -493 -481 -474 -464 -454 -451 -438 -437 -435 -428 -418 -411 -403 -402 -402 -398 -392 -390 -384 -383 -380 -376 -373 -370 -365 -356 -356 -355 -344 -343 -334 -330 -328 -323 -321 -320 -314 -314 -306 -303 -294 -293 -284 -280 -267 -261 -253 -249 -242 -238 -237 -235 -232 -230 -224 -221 -218 -216 -213 -210 -207 -206 -202 -202 -200 -197 -194 -191 -188 -187 -186 -185 -177 -175 -175 -174 -170 -168 -167 -166 -166 -165 -165 -164 -156 -154 -154 -149 -149 -145 -141 -140 -138 -136 -136 -135 -134 -131 -130 -128 -125 -124 -121 -118 -116 -112 -110 -108 -101 -99 -95 -95 -90 -89 -85 -82 -80 -77 -73 -73 -69 -67 -64 -64 -64 -61 -60 -59 -55 -53 -49 -46 -46 -43 -35 -32 -30 -26 -26 -21 -17 -15 -15 -11 -7 -5 -3 6 7 7 15 20 21 30 30 34 35 44 49 56 60 65 79 90 98 105 114 124 129 134 146 154 167 178 192 201 209 217 224 226 238 239 244 258 271 273 276 277 280 290

### [Thread-3] Status: SUCCESS | Merged Elements: 1651 | Cost: 0.003973s
1 2 5 7 9 9 9 11 12 14 14 15 16 17 17 17 17 17 19 19 19 20 20 20 20 20 21 21 21 22 23 23 23 23 24 24 24 24 25 25 26 26 27 27 27 27 27 27 27 27 27 27 28 28 28 29 29 30 30 30 30 30 31 31 32 32 32 32 32 32 32 32 33 33 33 33 33 34 34 34 35 35 36 36 36 37 37 37 37 38 38 38 38 39 39 39 39 40 40 40 40 40 40 41 41 41 41 42 43 43 43 43 43 43 44 44 44 44 44 44 44 45 46 46 46 46 46 46 46 47 47 47 48 48 48 48 49 49 49 49 49 49 49 50 50 51 51 51 51 51 51 51 51 52 52 52 52 52 52 52 52 53 53 53 53 54 54 54 54 54 54 54 55 55 55 56 56 56 56 56 56 56 56 56 56 57 57 57 57 57 57 58 58 58 58 58 58 58 59 59 59 59 59 59 59 59 59 59 60 60 60 60 60 60 60 61 61 61 61 61 62 62 62 62 62 63 63 63 63 63 63 63 63 64 64 64 65 65 65 65 65 65 65 65 65 65 66 66 66 66 66 66 66 67 67 67 67 67 67 67 68 68 68 68 68 68 68 68 68 68 69 69 69 69 69 69 69 69 69 70 70 70 70 70 70 70 70 70 70 71 71 71 71 71 71 71 72 72 72 72 72 72 72 72 73 73 73 73 73 73 74 74 74 74 74 74 74 74 74 74 75 75 75 75 75 76 76 76 76 76 76 76 77 77 77 77 77 77 78 78 78 78 78 78 78 79 79 79 79 79 79 79 80 80 80 80 80 80 80 80 81 81 81 81 81 81 81 81 81 81 81 81 82 82 82 82 82 82 82 82 82 82 83 83 83 83 83 83 83 83 83 83 83 84 84 84 84 84 84 84 84 84 84 84 85 85 85 85 86 86 86 86 86 86 86 86 86 86 86 86 86 86 86 87 87 87 87 87 87 87 87 87 87 87 88 88 88 88 88 88 88 88 88 88 88 88 88 89 89 89 89 89 89 89 89 89 90 90 90 90 91 91 91 91 91 91 91 91 91 91 91 91 91 92 92 92 92 92 93 93 93 93 93 93 93 93 93 94 94 94 94 94 94 94 94 94 94 94 94 95 95 95 95 95 95 95 95 95 95 96 96 96 96 96 96 96 96 96 96 96 97 97 97 97 98 98 98 98 98 98 98 98 98 98 98 98 98 99 99 99 99 99 99 99 99 99 99 100 100 100 100 100 100 100 100 101 101 101 101 101 101 101 101 101 101 102 102 102 102 102 102 102 102 102 102 102 102 102 102 103 103 103 103 104 104 104 104 104 104 105 105 105 105 105 105 105 105 105 105 105 105 106 106 106 106 106 106 106 106 106 107 107 107 107 107 107 107 107 107 107 108 108 108 108 108 108 108 108 108 109 109 109 109 109 109 109 109 109 110 110 110 110 110 110 110 110 110 110 111 111 111 111 111 111 111 111 111 111 111 112 112 112 112 112 112 112 112 112 112 112 112 112 112 113 113 113 113 113 113 113 114 114 114 114 114 114 114 115 115 115 115 115 115 115 115 115 115 115 115 116 116 116 116 116 116 117 117 117 117 117 117 118 118 118 118 118 118 118 118 118 118 118 118 118 118 118 118 119 119 119 119 119 119 120 120 120 120 120 120 120 120 120 120 120 120 120 120 121 121 121 121 121 121 121 121 122 122 122 122 122 122 122 122 123 123 123 123 123 123 123 123 124 124 124 124 124 124 124 124 125 125 125 125 125 125 126 126 126 126 126 126 126 126 126 126 126 126 126 126 126 127 127 127 127 127 127 127 127 127 127 127 127 127 128 128 128 128 128 128 128 128 128 129 129 129 129 129 130 130 130 130 130 130 130 130 130 130 130 131 131 131 131 131 131 131 131 132 132 132 132 132 132 132 133 133 133 133 133 133 133 133 133 134 134 134 134 134 134 134 135 135 135 135 135 135 135 135 135 135 135 135 135 136 136 136 136 136 136 137 137 137 137 137 137 137 137 137 137 137 137 138 138 138 138 138 138 138 139 139 139 139 139 139 139 139 139 140 140 140 140 140 140 140 141 141 141 142 142 142 142 142 142 142 142 142 143 143 143 143 143 143 143 143 143 143 144 144 144 144 144 144 145 145 145 145 145 145 146 146 146 146 146 146 146 146 146 147 147 147 148 148 148 148 148 148 149 149 149 149 149 149 150 150 150 150 150 150 150 151 151 151 151 151 151 151 152 152 152 152 152 152 152 152 153 153 153 153 153 154 155 155 155 155 155 156 156 156 156 157 157 157 157 158 158 158 158 158 158 158 158 158 158 159 159 159 159 159 159 160 160 160 160 160 160 160 160 160 161 161 161 161 161 161 161 161 161 161 162 162 162 162 163 163 163 163 163 163 163 163 164 164 164 164 164 164 165 165 165 165 165 166 166 167 167 167 167 168 168 168 168 168 169 169 169 169 169 170 170 170 170 171 171 171 171 171 172 172 173 173 173 173 174 174 174 174 174 174 175 175 175 175 175 175 175 175 175 176 176 176 177 177 177 178 178 178 178 179 179 179 179 179 179 180 180 180 180 180 180 181 181 181 181 182 182 182 182 182 182 182 182 182 183 183 183 183 183 184 184 184 185 185 185 185 185 185 185 185 185 185 186 186 186 186 187 187 187 187 187 187 187 187 187 188 188 188 188 188 188 188 188 188 189 189 189 189 189 189 189 190 190 190 190 190 190 190 190 190 190 190 191 191 191 191 191 191 192 192 192 192 192 192 192 192 192 192 193 193 193 193 193 193 194 194 194 194 194 194 195 195 195 195 195 195 195 196 196 196 196 197 197 197 197 197 197 197 197 197 198 198 198 198 198 198 198 198 198 198 199 199 199 199 199 199 199 200 200 200 200 200 200 200 200 201 201 201 201 201 201 201 201 201 201 202 202 202 202 202 202 202 202 202 203 203 203 203 203 203 204 204 204 204 204 204 204 204 204 205 205 205 206 206 206 206 206 206 206 207 207 207 207 207 207 207 208 208 208 208 208 208 208 209 209 209 209 209 209 210 210 210 210 210 210 210 210 210 210 210 211 211 211 211 211 211 211 211 211 211 212 212 212 212 212 213 213 213 213 214 214 214 214 214 214 214 214 214 214 215 215 215 215 215 215 215 215 215 215 216 216 216 216 216 216 216 217 217 217 217 218 218 218 218 218 218 219 219 219 219 219 219 219 220 220 220 220 220 220 220 221 221 221 222 222 222 222 223 223 223 223 223 223 223 224 224 224 224 224 225 225 225 225 225 225 225 225 226 226 226 226 226 226 226 227 227 227 227 227 227 227 227 227 227 227 227 227 227 227 228 228 228 228 228 229 229 229 229 229 229 230 230 230 230 230 231 231 231 231 231 232 232 232 233 233 233 233 233 234 234 234 235 235 235 235 235 236 236 236 236 237 237 237 237 237 237 237 237 237 237 238 238 239 239 239 239 239 240 240 240 240 240 240 240 241 241 241 241 241 241 241 242 242 242 243 243 243 243 243 244 244 244 244 245 245 245 245 246 246 246 246 246 246 246 247 247 247 247 247 247 248 248 248 248 249 249 249 249 249 250 250 250 250 250 251 251 251 251 251 251 251 251 252 253 253 253 254 254 254 255 256 256 256 256 257 257 258 259 259 259 259 259 261 261 263 263 264 264 266 267 268 271 272 272 274 275 278 280 280 280 296 434 505 599

