# ==============================================================================
# TaskOrchestrator 多线程并发测试 - 处理前原始输入数据集
# 生成时间: 2026-09-20 13:06:39
# 格式规范: 每个线程数据由标识行开始，随后每一行表示一个升序子列表，数字空格隔开
# ==============================================================================

### [Thread-0] 标准中等规模负载 (50 组正序列表，长度 10~50)
# 子列表总数 (k): 50, 元素总数: 1481
5 13 19 27 32 34 36 41 46 49 51 56 59 62 69 71 76 77
9 17 24 27 35 37 43 52 54 61 63 66 70 72 81 87 95 101 105 114 119 128 136 138 145 152 160 165 169 170 178 181 190 194 201 204 206 215 216 223 225 227 230 234 241
9 11 19 20 22 25 30 34 41 49 55 56 58 63 69 75 82 83 85 88 89 90 97 103 110 119 127 134 139 147 151 156 158 162 170 176 185 192 194 203 207 216 225
4 6 9 12 14 22 23 25 29 31 34 37 43 49 54 59 60 68 70 72 77 86 90 94 97 102 110 113 120 123 126
1 5 9 10 17 18 25 26 32 39 46 55 59 63 69 74 77 80 84 91 100 108 110 119 124 126 131 140 143 150 158 165 167 171 176
6 11 13 19 23 31 38 40 44 52 61 68 69 73 80 84 85 88 90 95 104 108 115 116 117 123 124 126 131 135 137 145 152 161 166
6 8 9 15 19 22 29 37 40 42 43 47 50 55 61 63 68 73 81 83 86 94 98
3 9 17 18 26 35 43 45 48 51 57 61 62 66 70 74 75 76 80 84 86 88 94 98 107 114 123 130 134 135 143 144
6 10 12 20 27 31 36 39 45 51 58 60 66
7 9 15 20 25 31 37 45 51 54 56 63 71 79 88 97 101 110 115 117 124 127 131 132 136 140 148 150 157 158 160 167 173 181 187 195 201 205 213 220 222 229 238 247 248 252 258 260 264 270
1 8 9 17 25 32 39 41 46 49 55 59 64 72 75 80 86 93 99 102 109 111 118 121 125 127
9 17 23 32 38 45 50 53 57 62 71 79 83 91 98 104 111 113 114 115 117 126 132 136 141 148 150 158 167 172 174
2 11 16 20 27 30 31 37 40 45 48 50 58 67 76 81 89 90 95 99 102 108 111 113 119 120 125 134 141 145 149
2 8 17 18 26 32 38 43 50 58 67 76 77 82 83 92 98 102 110 117
7 14 23 24 31 35 44 46 55 63 66 72 74 82 85 92
6 13 19 20 25 27 34 41 50 57 62 71 77 79 80 89 94 100 109 116 119 125 129 135 143 150 151 152 154 157 162 169 170 173 180 186 194 195
8 14 22 25 27 32 40 42 47 54 58 64 66 71 77 86 95 97 106 109 112 114 118 124 129 131 139 141 149 157 165 166 167 172 180 187 196 202 205 212 219 220 224 230 236 240 248 249 253 255
3 9 13 14 16 18 19 28 36 38 42 46 52 56 65 70 78 87 91 94 101 106 107 113 117 126 134 137 138 142 143
2 11 16 20 22 27 33 38 43 51 60 66 67 70 78 82 90 99 108 111 120 125 127 130 137 144 145 148 149 153 162 166 167 170 171
3 12 17 20 23 30 39 43 50 53 62 68 70 74 77 85 88 89 96 102
4 12 21 30 35 42 50 57 60 64 67
9 13 15 21 30 35 44 52 53 55 61 70 71 73 79 87 88 96 97 105 114 119 123 124 127 129
3 6 13 16 22 23 28 35 44 45 51 54 59 63 70 72 74 83 90 94 97 104 113 117 118 125 127 131 140 144 150 154 158 163 168 171 180 187
5 12 20 22 29 37 46 55 61 66
9 10 17 26 32 37 41 50 54 59 63 68 72 81 84 93 98 104 112 113 119 120 124 129 134 136 137 145 149 157 160 165 167 172 176 180 181 183 185 186 194 198 203 208
5 12 16 18 26 35 38 41 43 48 50 54 57 63 65 70 71 80 82 83 92 101 110 116
4 10 18 25 33 38 41 45 51 55
8 16 19 22 24 29 38 41 46 50 53 61 70 77 85 93 102
6 9 15 17 26 30 31 34 37 39 40 43 47 48 52 57 61 68 77 80 89 92 96 97 104 111 112 114 121 127 134 141 149 150 154 159 163 172 173 181 188 194 198
3 7 8 15 22 28 29 36 41 48 55 60 64 69 76 77 81 82 87 89 90 99 101 108 110 115 116 124
4 10 13 22 31 36 39 40 48 50 52 58 67 74 78 83 91 97 103 104 112 120 129 130 134 137
8 12 20 28 36 45 54 60 62 71 79 84 89 90 93 98 101 104 107 109 112 113 115 120 129 138 141 145 154 159 168 170 172 175 184 192 194 197
9 16 22 23 30 34 43 48 54 58 63 68 77 82 90 95 98 100 101 105 114 119 128 135 139 143 144 150 159 164 172 180 187 191 194 199
9 18 26 31 38 45 48 55 60 69 72 79 81 82 90 92 101 103 109 113 121 123 124 127 131 133 136 141 142 144
1 5 7 13 15 21 23 27 33 35 41 46 48 55 64 70 78 79 87 93 101 110 114 117 120 126 129 136 138 146 149 152 154 162 171 172 180 187 196 204 207 214 218 225 226 233 239 244
6 8 14 23 25 27 36 42 46 49 56 61 65 74 78 83 88 89 92 99 101 103 105 111 117 120 126 135 139 148 150 152 157 160 162 165 171 172 174 181 186
7 9 14 20 22 26 32 38 45 49 58 62 71 74 77 85 87 90 92 100 106 111 120 129 135 136 143 147 152 158
1 8 17 20 28 34 35 39 44 48 51 58 67 70 74 83 85 86 93 98 100 105 113 118 124 125 128 134 143 145 147 154 156 158 167 171 176
6 13 18 22 29 32 40 42 44 53 57 60 61 62 71 79 87 88 94 97 101 103 110 113 114 117 123 128 130
1 2 3 7 13 15 18 20 21 29 33 36 43 45 46 50 58 64 72 76 84 87
8 10 13 22 30 39 43 49 56 60 62 66 73 79 84 85 90 96 103 110 118 123 127 131 140 144 146 148 149 157 160 164 173
7 12 17 26 30 32 39 40 48 53 61 63 72 73 82 90 97 106 112 119 122 124 126 133 142 150 155 162 170 176 178 180 184 186 187 194 199 200 208 211 214 222 225 227
4 9 12 17 18 19 26 28 36 43 52 59 68 74
1 8 11 14 19 21 26 27 30 36 42 51 57 66 71 80 88 90 93 101 110 113 115 120 121 127 132 134 140 142 144 150 156 160 166 171 173 178 180 181 187 190 195 198
3 11 17 18 22 29 38 47 50 57
6 8 9 13 14 18 19 26 28 36 45
4 5 7 8 15 17 21 23 24 26 34 40 45
2 11 13 17 19 24 30 37 46 49 58 64 71 79 85 86 89 93 96 103 108 115 121 123 127 129 130 134 143 151 160 166 171
7 12 16 20 26 34 37 44 52 58 63 69 70 75 81 84 87 89 97 99 104 113 121 129 131 134 138 146 149 152 160 168 170
5 10 11 18 22 26 31 36 43 50 52 54 57 62 70 74 83 85 88 96 102 105 107 116 119 122 128 131 135 141 143 145 148 149 157

### [Thread-1] 高分支短列表负载 (100 组短升序列表，考察多路分治调度)
# 子列表总数 (k): 100, 元素总数: 1642
5 11 12 16 18 24 31 33 34 38 40 44 49 50 51 56 58 59 61 68 69 75 82 86 92 95 97
4 11 13 15 18 20 27
1 6 8 13 15 20 27 34 40 44 45 50 57
3 4 7 11 12 13 16
7 10 13 16 19 22 25 26 27 32 35 37 38 43 44 45 47 54 57 63 69 70 72 79
3 5 12 16 17 21 27 33 40 43 50 56 59 64 67 70 72 77 81 82 86 90 95 96 99
6 11 16 21 25 28 32 39
6 13 14 19 20 21 23 27 31 32 35 42 46 49 53 58 65 72 77
6 10 13 18 22 29 36 38 44 47 49 56 60 62 63
3 10 15 21 23 27 32 36 39 44 49 54 58 59
6 13 18 24 25 29 31 34 35 41 46 47 53 59 64 69 75 81
1 4 6 11 17 21 22 27 30
4 6 8 11 12 15 17 20
2 5 10 16 23 24 28 30 32 33 35 40 43 46 51
3 6 13 14 19 20 27 30 36 40 41 44 50
6 11 17 21 26 33 39
4 6 9 11 13 17 20 23 27 34 35 38 39 41 44 48 51 57 59 64 67 73 74
7 14 18 21 27 34 40 45 48 54 57 59 62 68 74 75 82 88
4 11 17 21 26 32 34 36 38 41 44 45 46 53 54 55 57 64 70 73 74 75 79 83 88 92 97 102 108
7 12 16 21 25 30 36 37 40 45 46 51 57 60 63 67 74 78 81 84 86 93 96 102 109
5 12 13 16 20
1 6 11 17 23 30
6 7 13 16 17 22 23 28 35 37 44 46 53 55 62 65 69 72 76 81 85 87 94
3 8 13 17 22
3 6 10 13 14
5 7 10 15 19 24 25 32 33 34 36 42 47 50 52 53 56 60 62 64 67 69 73 74 76 79 82
6 7 10 13 15 16 23 26 31 36 39 45 47 48 54 57 59 63 68
2 7 12 15 19 23 24 29 33 39 41 47 51 54 61 66 73 80
7 14 21 28 34 39 42 44 47 51 55
2 9 13 17 18 23 29 32 34 41 45 46 48 53 54 55 61 68 71 78 82 84 88 95 99 103 110 114
2 9 16 21 24 26 33 34 39 41 48 49 52 54 57 59 63 70 73 77 84 86 89 96 98
1 4 7 9 10 15 22 28 33 39 40 44 50 57 62 65 72 77 83 86 87 91
1 6 13 14 19 26 30 31 37 44 45 52 58 64 69 73 76 78 82 83 85 92 98 105 110 113 118 121
7 13 18 24 28 31 35 42 47 48 55 58 63 65 67 72 78 85 91 95 101 104 108 109 111 117
1 5 8 11 18 22 23 28 29 34 41 44 48 51
5 8 9 16 21 28 31 37 39 44 47 50 55 56 61
4 7 10 15 16 20 27 33 35 38 43 45 46 51 56 57 59 61 65 72 79 86 92 93 98 101 103 110
3 4 8 15 16 21 27 30 36 43 47 54
4 9 10 17 19 21 27 28 33 36 38 39 44 51 52 57 63 68 75
5 12 15 19 26 33 39 44 49 56 60 67 68 72
3 8 15 21 23 24 28 30 36 42 47 51 54 60 63 67 73 74 78
4 8 15 22 28 35 37 44 46
6 7 9 13 14 21 23 26 28 29 34 39 43 47 53 54 61 64 67 72 75
3 4 7 14 18 25 26
6 9 15 19 20 27 28 30 31 37 38 41 44 46 51 53 59 66 70 76 79 81
7 9 16 19 22 25 29 35 36 38 43 48 52 58 60 64
7 12 19 26 29 34 36 37 41 44
5 7 14 16 18 22 29 30 31 35 40 41 47 51 56 60 65 68 73 76 80
3 10 15 21 28 33 35 42 44 45 50 53 58 60
7 12 18 23 25 27 34
6 8 14 15 16 21 28 34 38 44 46 47 50 54 55 62 66 68 75 76 81 84 88 94
3 10 17 18 22 29 36 37 42 48 54
4 10 16 23 26 32
3 5 10 17 21 26 28 31 37 44 51 56 59 60 64 65 69 71 73
2 3 8 9 11 18 21 26 30 36 40 45 51 56
3 10 15 21 24 30 37 43 46 51 57 58 65 70 75 82 84 87 94 96 97 104 111 117 121 125 127
6 12 17 19 25 30 36
4 10 17 21 24 31 37 43 50 57
1 4 5 10 14 18 20 21 22 27 31 35 41 44 48 54 55
4 10 12 19 26 29 35 42 46 47 50 56 61 68 72 73 79 84 88 93 95 96
6 9 15 21 25 30 34 37 41 43 46 51 57
6 11 17 21 23 26 28 31 35 38 39 41 45 46 53 55 60 66 68
2 6 10 17 19
4 10 13 16 21 28 35 39 43 49 56 58 64 67 69 75 82 86 89 93 97 100 105
2 6 7 10 12 15 21 26 29 32 39
2 5 6 13 16 20 23 25 27 28 30 34 37 40 42 49 50 57 62 66 70
7 9 10 16 20 24 30 34 36 43 44 48 51 54 55 62 68 74 78 83 89 90 93 97 98
1 2 8 13 16 21 23 26 27 31 37 39 42 45 52
1 2 4 11 17 23 26 32 33 35 36 39 43 46 49 52 53 57 63 64 71 77 79 85 87 89
7 11 18 21 26 27 30 34 40
4 8 11 13 20 22 29 36 42 48
1 7 11 18 25 31 33 34
2 7 10 11 13 20 25 29 36 40 42 43 50 51 54 60
7 10 17 24 25 31 33 36 39 44 48 54 58 59 63 66
4 6 9 10 12 17 22 23 25 28 34 38 45 49 55 58 60 61 68 72 74
5 12 15 18 24 29 30
2 7 10 13 20 21 22 28 31
4 7 14 16 19 26 33 40 44
4 10 11 18 21 22 24 29 36 38 39 44 51 57 58 59 60 61 62 65 68 75 81 88 91 94
7 11 13 17 22 29 32 34 35 36 43 47 49 53 60 65 71 76 78
7 8 13 15 18 23 30 33 38 41 43 47 53
1 4 9 13 18 24 27 33 37 39 41 42 47 54 57 63 66 72 75 80 83 85 92 97 103 107 111
6 8 11 12 19 26 31 36 40 42 43 46 49 52 53 59 62 63
2 6 8 14 16 20 26 31
4 10 16 17 20 26 30 37 40 41 46 50 53 57 60 67 70 72 79 81 85 91 98 100 102 104 111
5 9 13 19 22 26 27 31 32 34
1 5 9 13 14 18 23 26 29 33 39 45 52 53 55 62 67 70 75 80 81 82 85 89 96 100
3 10 16 23 29 32 37
2 5 11 18 25 32 37 42 43 48 54 57 58 62 64 68 69 74 80 83 89 92 96 101 103 110 116 120
1 5 9 10 16 22 27 33 36 40 43 48 50 55 58 64 66
3 9 10 14 20 22 25 32 34
1 2 4 7 13 15 22 26 29 32 39 43 46
3 7 14 17 18 21 25 27 32 39 45 52 59 66 72 77 83 90 93 94 101 104 105 108 115 121 122 128 130
5 10 16 18 22 28 32 36 38 43 44 50 55 61 62 65 67 71 76 81 88 90 97 104
3 10 13 15 18 21 26 30 37 42 49 54
3 9 11 12 18 24 27 33 39
3 10 14 19 24 25 30 33 38
6 8 13 17 19 23 28 34 38 41 48 53 54 61
4 11 14 21 25 31 33 38 45 46 53 57 61 64 68 75 81 85 91 96 103 109 111 114 120 121 128 132 135
7 8 13 19 22 28 31 38 45 52 55 57 63 65 69 70 77 82 84 87 94 95 96 101 106 107 111 115

### [Thread-2] 负数与跨零混合负载 (40 组包含负数及跨零递增列表)
# 子列表总数 (k): 40, 元素总数: 1806
-3123 -3117 -3104 -3093 -3084 -3078 -3067 -3062 -3061 -3053 -3047 -3044 -3032 -3030 -3018 -3006 -2993 -2987 -2980 -2966 -2963 -2958 -2945 -2939 -2931 -2917 -2910 -2906 -2896 -2895 -2893 -2892 -2887 -2875 -2864 -2861 -2852 -2849 -2843 -2839 -2837 -2826 -2821 -2816 -2804 -2803 -2798 -2796 -2791 -2782 -2775 -2774
-3832 -3830 -3823 -3820 -3816 -3805 -3793 -3780 -3773 -3769 -3766 -3760 -3756 -3747 -3742 -3740 -3732 -3727 -3713 -3702 -3688 -3682 -3680 -3675 -3668 -3660 -3652 -3645 -3637 -3624 -3616 -3606 -3596 -3589 -3580 -3574 -3572 -3569 -3557 -3547 -3544 -3540 -3534 -3533 -3531 -3529 -3528 -3519 -3506 -3499 -3488 -3483 -3470 -3461 -3457 -3456 -3442 -3439 -3435 -3433 -3427 -3426 -3421 -3416 -3406 -3396 -3395 -3381 -3372 -3358
-4987 -4975 -4972 -4958 -4946 -4941 -4938 -4927 -4924 -4916 -4906 -4902 -4892 -4882 -4877 -4865 -4856 -4849 -4847 -4842 -4829 -4823 -4819 -4807 -4799 -4792 -4786 -4779 -4768 -4757 -4747 -4737 -4735 -4721 -4709 -4699 -4687 -4675 -4674 -4662 -4653 -4643 -4634 -4625 -4611 -4610 -4600 -4595 -4585 -4584 -4570 -4564 -4556 -4545 -4539 -4531 -4525 -4515 -4507 -4498 -4496 -4493 -4485 -4471 -4461
-2926 -2921 -2918 -2907 -2906 -2901 -2893 -2879 -2867 -2861 -2854 -2841 -2839 -2827 -2814 -2804 -2800 -2789 -2780 -2770 -2768 -2755 -2747 -2738 -2733 -2721 -2711 -2699 -2698 -2691 -2690 -2683 -2682 -2677 -2666 -2657
-3841 -3833 -3830 -3823 -3820 -3814 -3809 -3798 -3786 -3782 -3776 -3767 -3762 -3750 -3749 -3741 -3736
-3150 -3145 -3137 -3127 -3116 -3108 -3098 -3097 -3088 -3079 -3068 -3055 -3042 -3041 -3027 -3016 -3012 -3001 -2995 -2985 -2981 -2980 -2975 -2970 -2963 -2961 -2956 -2949 -2936 -2931 -2923 -2920 -2914 -2900 -2896
-1511 -1507 -1498 -1493 -1492 -1484 -1472 -1463 -1452 -1438 -1435 -1433 -1423 -1410 -1404 -1401 -1393 -1385 -1372 -1369 -1364 -1359 -1350 -1341 -1339 -1327 -1318 -1305 -1291 -1283 -1281 -1272 -1270 -1258 -1244 -1239 -1237 -1231 -1227 -1225 -1224 -1220 -1219 -1216 -1202 -1199 -1187 -1181 -1172 -1162 -1151 -1140 -1127 -1117 -1108 -1094 -1091 -1077 -1074 -1062 -1049 -1038 -1034 -1024 -1016 -1010 -997 -986 -980 -968 -957
-1856 -1845 -1836 -1830 -1826 -1825 -1821 -1819 -1810 -1800 -1798 -1795 -1790 -1777 -1763 -1751 -1740 -1739 -1738 -1731 -1718 -1704 -1696 -1693 -1691 -1682 -1680 -1672 -1660 -1651 -1642 -1636 -1628 -1623 -1611 -1607 -1597 -1588 -1581 -1578 -1572 -1563 -1557 -1554 -1549 -1535 -1522 -1517 -1511 -1503 -1491 -1484 -1483 -1473 -1465 -1454 -1443 -1441 -1435 -1428 -1419 -1409 -1397 -1384 -1382 -1373 -1363 -1350 -1341 -1333
-3443 -3439 -3429 -3416 -3411 -3405 -3395 -3381 -3374 -3363 -3362
-235 -221 -207 -202 -191 -188 -175 -174 -164 -154 -141 -138 -136 -131 -118 -112 -101 -90 -80 -73 -67 -64 -55 -46 -32 -21 -17 -7 7
-1368 -1366 -1352 -1339 -1327 -1321 -1314 -1301 -1291 -1287 -1277 -1267 -1259 -1245 -1231 -1224 -1218 -1209 -1198 -1187 -1178 -1173 -1162 -1154 -1148 -1145 -1135 -1129 -1115 -1108 -1094 -1087 -1077 -1073 -1059 -1054 -1047 -1038 -1034 -1023 -1011 -1001 -996 -983 -979 -970 -961 -957 -945 -940 -930 -917 -907 -896 -892 -884 -872 -865 -861
-1669 -1666 -1652 -1640 -1632 -1629 -1619 -1614 -1606 -1595 -1590 -1579 -1568 -1564 -1557 -1556 -1546 -1539 -1526 -1517 -1508 -1506 -1505 -1501 -1496 -1485 -1481 -1468 -1467 -1464 -1453
-949 -939 -935 -933 -929 -921 -914 -907 -894 -881 -871 -858 -846 -835 -823 -810 -804 -800 -793 -792 -788 -775 -763 -756 -753 -739 -733 -728 -716 -708 -698
-3971 -3961 -3958 -3945 -3934 -3921 -3917 -3913 -3907 -3899 -3895 -3893 -3882 -3871 -3866 -3853 -3839 -3835 -3830 -3817 -3804 -3793 -3780 -3771 -3759 -3758 -3756 -3752 -3751 -3742 -3738 -3737 -3731 -3728 -3727 -3718 -3716 -3709 -3698 -3695 -3686 -3681 -3675 -3661 -3656 -3644 -3640 -3637 -3626 -3619
-2175 -2167 -2156 -2144 -2131 -2121 -2119 -2117 -2110 -2098 -2097 -2096 -2089 -2079 -2069 -2060 -2051 -2047 -2036 -2031 -2019 -2018 -2011 -1999 -1988 -1975 -1967 -1965 -1951 -1939 -1926 -1918 -1909 -1900 -1891 -1882 -1878 -1876 -1869 -1859 -1854 -1853 -1844 -1841 -1828 -1815 -1803 -1790 -1784 -1781 -1767 -1759 -1757 -1756 -1746 -1745 -1733 -1724 -1714 -1708 -1696 -1687 -1683 -1682 -1680 -1678 -1671 -1665 -1662 -1652 -1643 -1638 -1626 -1619 -1616 -1604 -1593 -1589 -1583
-4483 -4476 -4467 -4466 -4461 -4447 -4438 -4436 -4429 -4421 -4415 -4414 -4405 -4393 -4380 -4378 -4371 -4367 -4361 -4358 -4345 -4335 -4333 -4329 -4315 -4303 -4292 -4279 -4275 -4269 -4265 -4256 -4246 -4238 -4234 -4222 -4216 -4202 -4200 -4199 -4194 -4191 -4179 -4178 -4164 -4163 -4157 -4151 -4143 -4142 -4138 -4125 -4118 -4111 -4107 -4103 -4095 -4091 -4083 -4076 -4068 -4061
-4391 -4383 -4382 -4376 -4365 -4360 -4354 -4345 -4337 -4333 -4328 -4325 -4318 -4310 -4297 -4284 -4276
-4202 -4198 -4184 -4178 -4168 -4161 -4156 -4155 -4143 -4134 -4129 -4126 -4119 -4105 -4099 -4092 -4086 -4083 -4080 -4073 -4069 -4055 -4050 -4041 -4036 -4031 -4018 -4014 -4005 -4004 -4001 -3989 -3977 -3970 -3957 -3943 -3933 -3930 -3925 -3919 -3912 -3907 -3893 -3891 -3884 -3874 -3868 -3865 -3862 -3852 -3840 -3839 -3836 -3824 -3811 -3807 -3802 -3797 -3787 -3782 -3773 -3768 -3764 -3762 -3749 -3742 -3737 -3731 -3717 -3706 -3699 -3686 -3680 -3667
-2185 -2180 -2179 -2176 -2164 -2160 -2146 -2136 -2133 -2126 -2113 -2101 -2096 -2094 -2088 -2086 -2073 -2061 -2054 -2051 -2050 -2036 -2033 -2024 -2012 -2008 -2000 -1991 -1987 -1979 -1976 -1963 -1956 -1945 -1939 -1935 -1923 -1910 -1902 -1897 -1893 -1880 -1878 -1876 -1875 -1861 -1860 -1859 -1848 -1846 -1835 -1823 -1822 -1821 -1818 -1812 -1804 -1792 -1784 -1772 -1766 -1764 -1758 -1757 -1753 -1752 -1751 -1747 -1745 -1741 -1737 -1727 -1719
-4411 -4405 -4400 -4390 -4384 -4383 -4369 -4359 -4345 -4342 -4334 -4331 -4321 -4318 -4307 -4301 -4290 -4276 -4273 -4271 -4268 -4265 -4251 -4242 -4238 -4233 -4222 -4220 -4208 -4194 -4190 -4189 -4176 -4171 -4162 -4152 -4146 -4133 -4127 -4124 -4121 -4116 -4107 -4094 -4086 -4072 -4068 -4067 -4057 -4055 -4052 -4051 -4044 -4031 -4028 -4020 -4019 -4009 -4006 -4001 -3993 -3983 -3972 -3971 -3968 -3960 -3959
-4926 -4918 -4908 -4901 -4891 -4889 -4884 -4870 -4860 -4851 -4840 -4839 -4829 -4825 -4816 -4811 -4801 -4796 -4786 -4782 -4780 -4773 -4772 -4764 -4753 -4743 -4738 -4735 -4734 -4727 -4717 -4715 -4710 -4707 -4699 -4697
-2400 -2394 -2389 -2384 -2371 -2363 -2355 -2342 -2331 -2319 -2318 -2307 -2302 -2293 -2281 -2276 -2262 -2252 -2247 -2242 -2234 -2224 -2211 -2198 -2186 -2177 -2174 -2167 -2164 -2152 -2146 -2139 -2131 -2124 -2110 -2096 -2091 -2090 -2085 -2079 -2076 -2065 -2058 -2051 -2041 -2032 -2022 -2010 -2009 -1998 -1988 -1985 -1974 -1961 -1948 -1943 -1929 -1922 -1918 -1905 -1903 -1895 -1894 -1893 -1892 -1879
-3056 -3045 -3042 -3028 -3023 -3022 -3012 -3003 -2997 -2983 -2980 -2973 -2970 -2965 -2960 -2956 -2945 -2934 -2921 -2910 -2900 -2888 -2882 -2872 -2864 -2851 -2837 -2825 -2817 -2804 -2803 -2795 -2782 -2772 -2770 -2760 -2751
-2228 -2227 -2220 -2216 -2209 -2202 -2194 -2189 -2188 -2181 -2178 -2171
-4822 -4817 -4815 -4807 -4803 -4790 -4783 -4770 -4768 -4759 -4747 -4736 -4734 -4732 -4730 -4719 -4710 -4698 -4688 -4676 -4669 -4662 -4657 -4649 -4647 -4644
-4865 -4859 -4856 -4849 -4839 -4828 -4824 -4817 -4811 -4810 -4799 -4798 -4790 -4784 -4771 -4765 -4756 -4751 -4741 -4734 -4732 -4726 -4720 -4710 -4697 -4694 -4680 -4670 -4659 -4657 -4656 -4647 -4638 -4633 -4621 -4609 -4601 -4591 -4584 -4581 -4579 -4573 -4570 -4569 -4567 -4553 -4552 -4544 -4530 -4524 -4520 -4513 -4501 -4492 -4479 -4465 -4459 -4446 -4442 -4440 -4426 -4420 -4415 -4414 -4410 -4396 -4391 -4388 -4386 -4375 -4371 -4363 -4353
-4192 -4183 -4170 -4159 -4146 -4137 -4127 -4125 -4123 -4118 -4113 -4104 -4097 -4087 -4083 -4077 -4075 -4073 -4065 -4058 -4045 -4039 -4032 -4026 -4016 -4004 -3997 -3988 -3978 -3975 -3968 -3961 -3947 -3934 -3922 -3910 -3905 -3901 -3895
-2620 -2618 -2607 -2605 -2596 -2582 -2570 -2562 -2557 -2556 -2552 -2548 -2538 -2531 -2518 -2506 -2494 -2486 -2476 -2470 -2458 -2445 -2438 -2430 -2416 -2407 -2404 -2391 -2385 -2378 -2374 -2368 -2362 -2351 -2338 -2331 -2329 -2326 -2317 -2312 -2301 -2293 -2286 -2276 -2270 -2267 -2255 -2244 -2230 -2220 -2210 -2200 -2189 -2183 -2175 -2166 -2152 -2149 -2145 -2140 -2133 -2126 -2120 -2108 -2100 -2092 -2079 -2073 -2067
-2275 -2264 -2252 -2245 -2237 -2235 -2231 -2221 -2216 -2211 -2208 -2204 -2199 -2195 -2194 -2180 -2171 -2170 -2164 -2151 -2145 -2137 -2132 -2123 -2119 -2118 -2107 -2098 -2089 -2076 -2066 -2059 -2057 -2045 -2032 -2028 -2027 -2015 -2009 -1998 -1985 -1972 -1966
-553 -543 -533 -530 -523 -509 -497 -496 -493 -481 -474 -464 -454 -451 -438 -437 -435 -428 -418 -411 -403 -402 -398 -390 -376 -365 -356 -355 -343 -330 -328 -321 -320 -314 -303 -294 -284
-2145 -2132 -2130 -2118 -2114 -2106 -2101 -2093 -2080 -2070 -2066 -2056 -2045 -2040 -2027 -2020 -2014 -2001 -1990
-253 -242 -237 -230 -224 -216 -210 -206 -200 -194 -187 -186 -175 -168 -167 -166 -165 -154 -149 -145 -140 -135 -125 -124 -110 -99 -95 -82 -77 -64 -60 -49 -43 -30 -26 -15 -11 -3 6 15 20 30 44 56 60 65 79 90 98 105 114 124 129 134 146 154 167 178 192 201 209 217 224 226 238 239 244 258 271 273 276 277 280 290
-3042 -3028 -3022 -3010 -3001 -2995 -2994 -2982 -2981 -2973 -2964 -2953 -2948 -2941 -2939 -2932 -2927 -2923 -2914 -2900 -2894 -2882 -2870 -2868
-402 -392 -384 -383 -380 -373 -370 -356 -344 -334 -323 -314 -306 -293 -280 -267 -261 -249 -238 -232 -218 -213 -202 -197 -185 -177 -170 -166 -165 -156 -149 -136 -134 -130 -128 -121 -116 -108 -95 -89 -85 -73 -69 -64 -61 -59 -53 -46 -35 -26 -15 -5 7 21 30 34 35 49
-4242 -4231 -4219 -4213 -4199 -4189 -4187 -4173 -4167 -4156 -4142 -4141 -4127 -4119 -4118 -4106 -4095 -4086 -4074 -4061 -4060 -4047 -4038 -4024 -4023 -4013 -4001
-1119 -1106 -1097 -1085 -1072 -1069 -1055 -1051 -1042 -1038 -1026
-4854 -4847 -4842 -4841 -4828 -4820 -4819 -4809 -4806 -4796 -4792
-2504 -2499 -2497 -2491 -2489 -2487 -2485 -2483 -2481 -2478 -2467 -2455 -2446 -2434 -2420 -2417 -2410 -2407 -2406 -2397 -2383 -2370 -2363 -2353 -2350 -2345 -2334 -2322 -2315 -2306 -2299 -2290 -2286 -2285 -2273 -2261 -2257 -2251 -2238 -2233 -2231 -2223 -2216 -2202 -2197 -2189 -2178 -2165 -2163 -2152 -2139 -2129 -2126 -2118 -2109 -2098 -2097 -2094 -2089 -2087 -2073 -2059 -2058 -2051
-3500 -3486 -3479 -3474 -3463 -3449 -3440 -3428 -3427 -3417 -3408 -3402 -3390 -3378 -3369 -3366 -3363 -3353 -3348 -3339
-1763 -1758 -1751 -1741 -1732 -1729 -1728 -1726 -1720 -1718 -1710 -1704 -1690 -1689 -1682 -1674 -1662 -1661 -1652 -1644 -1632 -1620 -1608 -1604 -1593 -1592 -1587 -1579 -1565 -1555 -1547 -1543 -1535 -1524 -1518 -1517 -1510 -1499 -1495 -1492 -1482 -1470 -1464 -1460 -1457 -1451 -1443 -1437 -1433 -1425 -1418 -1406 -1405 -1391 -1389 -1388 -1374 -1369 -1367 -1358 -1349

### [Thread-3] 稠密重复元素负载 (60 组含大量等值元素列表，含单元素边界)
# 子列表总数 (k): 60, 元素总数: 1651
296
196 197 198 199 202 204 207 210 211 213 213 214 216 218 219
167 170 170 171 171 173 175 175 178 181 182 182 182 184 186 189 191 192
1 2 5 7 9 9 9 11 14 15 16 17 19 19 21 21 21 24 27 27 27 29 30 33 35 36 37 38 40 40 43 44 44 44 46 49 49
82 84 84 85 86 87 87 88 91 93 96 96 99 102 104 105 108 108 111 114 117 120 120 123 124 125 127 127 128 130 131 134 136 136 136 139 142 142 145 148 150 151 152
180 181 183 186 188 188 188 188 189 190 192 195 198 200 200 201 202 202 203 206 207 210 210 212 214 216 217 219 219 222 222 223 224 226 227 227 230 232 234 237 237 239 239 241
146 148 151 153 155 157 160 160 160 160 162 165 167 169
45 48 51 53 56 56 56 56 57 57 58 59 60 63 66 67 70 70 71 73 76 78 81 81 82 84 84 87 89 92 94 97 98 98 101 103 105
81 84 85 88 89 89 91
106 109 110 111 112 114 114 115 118 120 122 125 126 127 128
215
22 23 24 24 24 25 26 27 28 28 28 30 31 31 34 37 37 40 43 44 44 46 47 49 50
20 23 23 25 27 27 30 30 32 32 33 34 36 36 39 40 40 41 41 41 43 44 46 48 51 53 56 58 60 63 65 65 67 69 70 71 72 75 78 79 79 82 83 84 87 88 91 93 95
179 182 185 185 188 190 190 192 192 193 194 196 198 201 204 205 207 210 211 211 211 214 214 215 218 219 222 223 226 227 228 231 233 236 237 237 240 241 241 243 245 246 247 249 250 250 250 251 253 255 256 256 256 258 259
122 124 126 127 130 132 132 132 135 137
182 183 185 187 187 189 190 190 190 193 196 199 200 201 201 201 203 205 207 210 213 215 218 220 223 226 228 229 230 233 235 236 237 237 237 240 242 244 245 247 249 249 251 251 251
197 197 198 199 200 203 204 206 208 211 211 212 214 215 216 219 219 220 222 223 225 226 226 227 227 229 229 229 231 232 234 236 239 240 240 240 240 242 242 244 247 248 249 250 251 254 257 259
83 86 87 88 88 91 93 95 96 98 99 101 101 103 105 106
158 158 159 162 163 163 163 166 169 171 172 174 176 176 178 180 182 182 182 184 184 187 187 187 189 189 192 195 198 201 201 204 206 209 211 211 214 216 217 220
175 178 179 179 179 180 181 183 185 185 185 187 187 188 190 193 193 193 194 197 197 200 202 202 203 204 206 208 210 212 215 218 221 224 224 225 228 230 231 234 237 237 238 241 243 245 245 246 247 247
434
12 14 17 17 17 17 20 20
124 127 129 130 132 134 135 137 137 137 139 142 143 146 148 149 150 151 151 152 153 156 159 162
68 69 70 70 71 74 74 77 78 81 82 82 82 85 86 88 91 91 91 93 94 95 95 98 98 99 99 102 105 108 109 110 112 114 114 116 118 119 121 122 123 126 126 126 129 131
185 187 189 190 192 194 195 197 198 200 203 206 206 208 210 212 215 215 215 217 217 220 220 220 223 223 225 225 228 230 230 233 233 235 238 239 241 243 244 246 246 248 250 251 252 253
80 81 82 84 87 90 93 95 98 100 100 102 102 102 103 106 108 108 109 111 111 111 112 112 112 115 115 116 117 118 118 118 120 121 123 125 128 129 131 132 135 135 138 140 140 140 143 143 144 145 145 145 148
187 190 192 193 195 195 198 198 199 200 201 201 202 204 204 207 208 208 210 210 211 213 214 216 216 218 221 224 225 228 231 231 233 235 236 239 241 241 244 246 246 249 251 253 254 256 259 261 264
153 156 157 158 159 161 164 164
68 69 72 73 74 74 75 76 78 81 81 81 83 86 86 86 86 87 87 88 88 89 91 94 95 95 96 99 102 105 108 109 110 112
96 97 100 102 105 108 109 112 113 113 116 116 118 121 121 123 123 125 128 128 128 131 134 137 139 139 141 143 143 145 145 148 149 150 150 152 153 156 157 159 160 160 161 161 163 165
599
105 107 107 109 110 113 113 113 114 115 115 118 119 120 120 123 124 127 127
199 200 202 205 207 208 209 209 209 210 210 211 214 214 215 215 218 220 223 225 227 227 229 229 232 235 235 237 240 243 243 246 247 248 248 251 254 257 259 259 261 263 263 264 266 267 268 271 272 272 274 275 278 280 280 280
132 133 133 135 137 140 143 144 146 146 149 152 154 155 158 158 161 163 163 164 164 165 168 168 171 174
126 127 130 131 133 135 136 138 141 144 144 147 149 149 151
19 20 20 23 26 27 27 30 32 33
51 54 54 56 58 58 60 63 63 64 67 67 69 72 75 75 78 80 82 83 83 85 88 91 94 96 99 101 104 106 108 109 112 114 116 116 118 119 120 120 122 123 126 127 127 130 133 133 136 137
66 67 69 70 70 70 73 76 79 79 81 83 83 86 87 87 90 91 93 93 96 96 96 96 99 102 102 102 104 107 107 107 110 110
185 188 190 190 191 192 195 195 196 198 198 199 202 202 203 204 207
110 111 111 113 115 115
33
56 57 59 60 62 65 65 68 68 69 71 73 74 74 74
60 61 63 65 68 70 72 72 75 78 80 81 81 84 86 89 91 92 94 94 94 94 96 98 101 101 101 102 104 107 110 112 112 115 118 118 118 121 124 126 128 130 130 130 131 133 135 137 137 137 137 138 140 142 143
125 126 129 131 134 135 137 138 140 142 143 146 146 146 148 151 152
98 98 100 100 103 105 105 106 106 107 108 111 111 111 112 115 115 117 118 119 120 120 122 125 128 128 130
76 76 76 76 77 79 82 82 83 84 84 86 88 88 88 89 89 89 91 94 94 95 98 99 102 105 106 106 107 110 112 115 117 118 118 119 120 120 120 120 121 122 122
161 162 165 168 170 173 175 175 175 175 175 177 177 179 180 180 182 183 185 188 189 191 192 192 194
191 191 194 194 197 197 197 199 201 204 206 208 209 209 212 214 216 219 221 224 225 225 226 226 227 227 227 227 227 227 227 227
52 55 56 57 59 61 64 65 66 68 70 73 74 77 80 80 80 80 83 86 86 86 89 92 92 93 95 98 101 101 102 104 105 105 106 107 110 111 112 112 113 115 118 119 121 122 124 124 126 126 126 127 130 132 133 134
43 46 49 51 54 57 59 59 59 59 60 63 65 66 66 67 68 71 72
505
47 48 49 49 51 54 56 59 62 63 63 66 67 69 72 73 74 77 79 80 83 83 86 88 91 93 94 97 98 99 99 100 100 100
60 62 65 68 68 71 71 74 77 77 78 79 81 84 86 87 90 90 92 94 95 97 98 101 102 104 107 109 109
32 32 34 37 38 39 42 43 46 49 52 52 54 54 56 59
27 27 29 32 32 32 33 35 38 38 40 43 46 47 50 51 52 52 53 53 55 57 58 61 62 62 65 68 69 69 72
117 117 118 121 123 124 126 126 126 127 129 131 133 135 136 139 139 141 142 144 147 150 150 153 155 155 156 158 159 159 160 160 161 161 164
39 39 41 44 46 48 51 51 52 52 52 54 55 58 58 59 61 61 64 65 66
138 139 139 142 142 143 144 146 147 150 151
157 158 158 158 161 163 165 167 167 168 168 169 171 173 174 174 174 177 178 180 183 185 186 186 188 191
127 130 133 134 134 135 135 135 135 138 138 139 140 142 143 146 149 152 152 152 155 158 160 161 161 163 164 166 169 169 170 172 173 174 175 176 179 181

